Date,High,Low,Open,Close,Volume,Adj Close
2019-01-02,41.27134704589844,40.455406188964844,40.91081619262695,41.034156799316406,26430315.0,37.60328674316406
2019-01-03,41.119544982910156,39.800758361816406,41.0246696472168,39.886146545410156,28503533.0,36.5512580871582
2019-01-04,41.129032135009766,40.09487533569336,40.265655517578125,40.79696273803711,27145348.0,37.385921478271484
2019-01-07,41.38520050048828,40.66413879394531,40.86337661743164,41.01517868041992,20995469.0,37.58589172363281
2019-01-08,41.46110153198242,40.93927764892578,41.32827377319336,41.204933166503906,19677231.0,37.75978088378906
2019-01-09,41.43263626098633,40.986717224121094,41.2333984375,41.119544982910156,20107580.0,37.68153381347656
2019-01-10,41.01517868041992,39.87665939331055,41.00569152832031,40.14231491088867,39731162.0,36.7860107421875
2019-01-11,40.68311309814453,39.99051284790039,40.16128921508789,40.68311309814453,21064506.0,37.281593322753906
2019-01-14,40.445919036865234,40.00948715209961,40.370018005371094,40.199241638183594,17605173.0,36.83818054199219
2019-01-15,41.0246696472168,40.256168365478516,40.417457580566406,40.54079818725586,25865371.0,37.151180267333984
2019-01-16,40.597721099853516,39.87665939331055,40.4079704284668,39.95256042480469,30169380.0,36.612117767333984
2019-01-17,40.47438430786133,39.68690872192383,39.800758361816406,40.29411697387695,24177284.0,36.92511749267578
2019-01-18,40.68311309814453,40.09487533569336,40.66413879394531,40.351043701171875,38618455.0,36.977291107177734
2019-01-22,40.502845764160156,39.78178405761719,40.23719024658203,40.10436248779297,29444122.0,36.7512321472168
2019-01-23,40.0379524230957,39.4212532043457,39.83871078491211,40.0,24462813.0,36.65559387207031
2019-01-24,39.648956298828125,38.53889846801758,39.639469146728516,38.851993560791016,34394023.0,35.603572845458984
2019-01-25,39.13662338256836,38.43453598022461,38.99430847167969,38.55787658691406,35862455.0,35.33404541015625
2019-01-28,38.45351028442383,37.457305908203125,38.425048828125,37.50474548339844,39329694.0,34.36897277832031
2019-01-29,38.75711441040039,37.447818756103516,37.476280212402344,38.68121337890625,51376808.0,35.44707107543945
2019-01-30,39.61100769042969,38.64326477050781,38.68121337890625,39.44971466064453,36067880.0,36.15131378173828
2019-01-31,40.436431884765625,39.23149871826172,39.25996017456055,40.275142669677734,40927452.0,37.23007583618164
2019-02-01,40.91081619262695,40.370018005371094,40.673622131347656,40.68311309814453,27239681.0,37.60719299316406
2019-02-04,40.64516067504883,39.810245513916016,40.64516067504883,40.265655517578125,19426485.0,37.22129821777344
2019-02-05,40.54079818725586,39.90512466430664,40.256168365478516,39.95256042480469,21127641.0,36.931880950927734
2019-02-06,40.199241638183594,39.648956298828125,39.77229690551758,40.16128921508789,16450410.0,37.12482452392578
2019-02-07,39.99051284790039,39.098670959472656,39.95256042480469,39.563568115234375,24248008.0,36.572296142578125
2019-02-08,40.07590103149414,39.36432647705078,39.402278900146484,40.06641387939453,27500125.0,37.0371208190918
2019-02-11,40.14231491088867,39.38330078125,40.113853454589844,39.544593811035156,27102134.0,36.55475997924805
2019-02-12,39.85768508911133,39.26945114135742,39.573055267333984,39.724857330322266,30540177.0,36.72138595581055
2019-02-13,39.90512466430664,39.26945114135742,39.77229690551758,39.563568115234375,24757195.0,36.572296142578125
2019-02-14,39.9620475769043,39.487667083740234,39.563568115234375,39.819732666015625,19864949.0,36.8090934753418
2019-02-15,40.332069396972656,39.92409896850586,40.2087287902832,40.22770309448242,19168993.0,37.18621826171875
2019-02-19,40.66413879394531,40.02846145629883,40.07590103149414,40.417457580566406,24432985.0,37.36162567138672
2019-02-20,40.3795051574707,39.78178405761719,40.351043701171875,40.0379524230957,27354884.0,37.01081085205078
2019-02-21,40.15180206298828,39.715370178222656,39.86717224121094,39.98102569580078,19611883.0,36.958187103271484
2019-02-22,40.92030334472656,40.05692672729492,40.13282775878906,40.75901412963867,24779329.0,37.67735290527344
2019-02-25,41.148006439208984,40.74003982543945,40.83491516113281,40.87286376953125,25274815.0,37.782596588134766
2019-02-26,41.01517868041992,40.60721206665039,40.75901412963867,40.815940856933594,16548959.0,37.729984283447266
2019-02-27,41.00569152832031,40.61669921875,40.77798843383789,40.73054885864258,16475074.0,37.65104675292969
2019-02-28,41.53700256347656,40.673622131347656,40.74952697753906,41.129032135009766,39002427.0,38.01939392089844
2019-03-01,41.54648971557617,41.072105407714844,41.37571334838867,41.138519287109375,26667781.0,38.028175354003906
2019-03-04,41.35673522949219,40.68311309814453,41.214420318603516,40.86337661743164,22805820.0,37.77383041381836
2019-03-05,41.034156799316406,40.65464782714844,40.882354736328125,40.69260025024414,26529812.0,37.615962982177734
2019-03-06,40.673622131347656,39.487667083740234,40.62618637084961,39.715370178222656,22410359.0,36.71261978149414
2019-03-07,39.743831634521484,39.13662338256836,39.715370178222656,39.26945114135742,29046132.0,36.3004150390625
2019-03-08,39.31688690185547,38.27324676513672,39.2125244140625,38.795066833496094,31306119.0,35.861900329589844
2019-03-11,39.39278793334961,38.709678649902344,38.99430847167969,39.37381362915039,29161545.0,36.396888732910156
2019-03-12,39.77229690551758,39.25047302246094,39.563568115234375,39.5920295715332,24170539.0,36.59860610961914
2019-03-13,39.97153854370117,39.4212532043457,39.724857330322266,39.85768508911133,23715316.0,36.844173431396484
2019-03-14,39.92409896850586,39.022769927978516,39.84819793701172,39.07969665527344,32119596.0,36.12500762939453
2019-03-15,39.734344482421875,38.7666015625,39.117645263671875,39.639469146728516,74768652.0,36.642459869384766
2019-03-18,39.91461181640625,39.51612854003906,39.629981994628906,39.667930603027344,18994345.0,36.668766021728516
2019-03-19,40.256168365478516,39.61100769042969,39.819732666015625,40.13282775878906,26403227.0,37.098506927490234
2019-03-20,40.22770309448242,39.639469146728516,40.0379524230957,40.00948715209961,23499035.0,36.984493255615234
2019-03-21,40.455406188964844,39.724857330322266,39.78178405761719,40.180267333984375,24262553.0,37.142372131347656
2019-03-22,40.436431884765625,39.68690872192383,40.0379524230957,39.70588302612305,19620105.0,36.7038459777832
2019-03-25,39.99051284790039,39.53510284423828,39.667930603027344,39.743831634521484,19823316.0,36.738929748535156
2019-03-26,40.512332916259766,39.97153854370117,40.0379524230957,40.24667739868164,20849279.0,37.20375061035156
2019-03-27,40.455406188964844,39.77229690551758,40.1707763671875,39.86717224121094,19455048.0,36.85294723510742
2019-03-28,40.199241638183594,39.90512466430664,40.01897430419922,40.12334060668945,16915541.0,37.089744567871094
2019-03-29,40.39848327636719,40.02846145629883,40.22770309448242,40.29411697387695,21681834.0,37.24761199951172
2019-04-01,40.74003982543945,40.370018005371094,40.39848327636719,40.64516067504883,20345046.0,37.572113037109375
2019-04-02,40.967742919921875,40.55028533935547,40.74952697753906,40.71157455444336,18625129.0,37.63351058959961
2019-04-03,40.86337661743164,40.370018005371094,40.7874755859375,40.64516067504883,16200402.0,37.572113037109375
2019-04-04,40.72106170654297,40.32258224487305,40.597721099853516,40.55028533935547,12990972.0,37.484405517578125
2019-04-05,41.062618255615234,40.69260025024414,40.77798843383789,40.7874755859375,15559043.0,37.70366668701172
2019-04-08,41.062618255615234,40.71157455444336,40.86337661743164,40.92979049682617,15410323.0,37.83522415161133
2019-04-09,40.79696273803711,40.39848327636719,40.77798843383789,40.64516067504883,18825072.0,37.572113037109375
2019-04-10,40.72106170654297,40.46489715576172,40.72106170654297,40.54079818725586,13202615.0,37.47563934326172
2019-04-11,40.63567352294922,39.83871078491211,40.597721099853516,40.10436248779297,20214877.0,37.07220458984375
2019-04-12,40.1707763671875,39.44971466064453,40.1707763671875,39.573055267333984,21338546.0,36.581058502197266
2019-04-15,39.9620475769043,39.34535217285156,39.715370178222656,39.93358612060547,18362788.0,36.914337158203125
2019-04-16,40.13282775878906,38.73814010620117,40.05692672729492,38.82352828979492,27506976.0,35.88821029663086
2019-04-17,38.89942932128906,37.371917724609375,38.8045539855957,37.83681106567383,42412117.0,34.97609329223633
2019-04-18,37.88425064086914,36.45161437988281,37.88425064086914,37.362430572509766,50579774.0,34.53758239746094
2019-04-22,37.476280212402344,36.821632385253906,37.03036117553711,36.9829216003418,31018904.0,34.186767578125
2019-04-23,37.609107971191406,36.88804626464844,37.08728790283203,37.4003791809082,26672102.0,34.57265853881836
2019-04-24,37.609107971191406,37.15370178222656,37.476280212402344,37.35293960571289,21196994.0,34.52880859375
2019-04-25,37.78937530517578,37.16318893432617,37.23908996582031,37.58064651489258,18130065.0,34.739295959472656
2019-04-26,37.94117736816406,37.4288444519043,37.637569427490234,37.92219924926758,20053193.0,35.055023193359375
2019-04-29,37.96963882446289,37.561668395996094,37.92219924926758,37.561668395996094,23229001.0,34.72175216674805
2019-04-30,39.07020950317383,37.76091003417969,38.330169677734375,38.52941131591797,34360400.0,35.61632537841797
2019-05-01,38.82352828979492,38.11195373535156,38.51043701171875,38.68121337890625,20703406.0,35.75665283203125
2019-05-02,38.91840744018555,38.50094985961914,38.71916580200195,38.90891647338867,20471210.0,35.967140197753906
2019-05-03,39.37381362915039,38.927894592285156,39.108158111572266,39.26945114135742,18664759.0,36.3004150390625
2019-05-06,39.629981994628906,38.74762725830078,38.81404113769531,39.51612854003906,25973406.0,36.528446197509766
2019-05-07,39.573055267333984,38.425048828125,39.26945114135742,38.73814010620117,27603838.0,35.80927276611328
2019-05-08,38.927894592285156,38.36812210083008,38.709678649902344,38.851993560791016,23811968.0,35.914520263671875
2019-05-09,38.74762725830078,38.168880462646484,38.235294342041016,38.55787658691406,19732461.0,35.958763122558594
2019-05-10,38.72865295410156,37.82732391357422,38.54838562011719,38.6337776184082,17391527.0,36.029544830322266
2019-05-13,38.56736373901367,38.092979431152344,38.168880462646484,38.49146270751953,28010788.0,35.89682388305664
2019-05-14,38.776092529296875,38.481971740722656,38.51043701171875,38.57685089111328,26772759.0,35.97645568847656
2019-05-15,39.1745719909668,38.61479949951172,38.7666015625,39.041744232177734,33520678.0,36.41001510620117
2019-05-16,39.8292236328125,39.041744232177734,39.041744232177734,39.50664138793945,25508486.0,36.84357452392578
2019-05-17,39.667930603027344,39.13662338256836,39.184059143066406,39.34535217285156,29187684.0,36.69316101074219
2019-05-20,39.573055267333984,39.16508483886719,39.27893829345703,39.45920181274414,24251591.0,36.79933166503906
2019-05-21,39.667930603027344,39.36432647705078,39.573055267333984,39.53510284423828,28785056.0,36.870113372802734
2019-05-22,40.04743957519531,39.4212532043457,39.554080963134766,39.83871078491211,25274604.0,37.15325164794922
2019-05-23,39.8292236328125,39.51612854003906,39.69639587402344,39.77229690551758,25495944.0,37.0913200378418
2019-05-24,40.14231491088867,39.724857330322266,39.90512466430664,39.800758361816406,15383341.0,37.117862701416016
2019-05-28,40.30360412597656,39.743831634521484,39.99051284790039,39.75332260131836,49440610.0,37.07362365722656
2019-05-29,39.69639587402344,39.16508483886719,39.563568115234375,39.582542419433594,26895761.0,36.91436004638672
2019-05-30,39.800758361816406,39.44971466064453,39.544593811035156,39.75332260131836,17344308.0,37.07362365722656
2019-05-31,39.8292236328125,39.326377868652344,39.554080963134766,39.39278793334961,22639288.0,36.737396240234375
2019-06-03,40.02846145629883,39.44022750854492,39.497154235839844,39.77229690551758,22643082.0,37.0913200378418
2019-06-04,40.55977249145508,39.886146545410156,40.30360412597656,40.06641387939453,18453537.0,37.36560821533203
2019-06-05,40.64516067504883,40.23719024658203,40.417457580566406,40.30360412597656,21418861.0,37.586814880371094
2019-06-06,40.882354736328125,40.30360412597656,40.60721206665039,40.52182388305664,24494222.0,37.79032516479492
2019-06-07,41.034156799316406,40.66413879394531,40.77798843383789,40.72106170654297,20023470.0,37.97612762451172
2019-06-10,41.0246696472168,40.48387145996094,41.0246696472168,40.86337661743164,15275727.0,38.108856201171875
2019-06-11,41.08159255981445,40.370018005371094,40.986717224121094,40.48387145996094,18813162.0,37.75492477416992
2019-06-12,40.958255767822266,40.284629821777344,40.29411697387695,40.87286376953125,16296843.0,38.11770248413086
2019-06-13,40.92979049682617,40.199241638183594,40.86337661743164,40.32258224487305,14464042.0,37.60451126098633
2019-06-14,40.673622131347656,40.30360412597656,40.341556549072266,40.56925964355469,13197872.0,37.83456039428711
2019-06-17,40.70208740234375,40.180267333984375,40.512332916259766,40.68311309814453,14094931.0,37.940738677978516
2019-06-18,41.11005783081055,40.62618637084961,40.62618637084961,40.86337661743164,22833434.0,38.108856201171875
2019-06-19,41.35673522949219,40.882354736328125,40.958255767822266,41.27134704589844,21753611.0,38.489322662353516
2019-06-20,41.850093841552734,41.28083419799805,41.58443832397461,41.3662223815918,23500300.0,38.57780456542969
2019-06-21,41.745731353759766,41.09108352661133,41.31878662109375,41.43263626098633,38141203.0,38.63974380493164
2019-06-24,41.65085220336914,41.24288558959961,41.45161437988281,41.518028259277344,24624075.0,38.71937561035156
2019-06-25,42.0208740234375,41.518028259277344,41.603416442871094,41.518028259277344,28429015.0,38.71937561035156
2019-06-26,41.55597686767578,40.32258224487305,41.44212341308594,40.7874755859375,41009348.0,38.03806686401367
2019-06-27,41.32827377319336,40.806453704833984,40.815940856933594,41.204933166503906,21994977.0,38.42738342285156
2019-06-28,41.48007583618164,40.77798843383789,41.223907470703125,41.10057067871094,39726209.0,38.33006286621094
2019-07-01,41.63187789916992,41.119544982910156,41.28083419799805,41.52751541137695,21341392.0,38.72822570800781
2019-07-02,41.95446014404297,41.42314910888672,41.44212341308594,41.95446014404297,16541898.0,39.12638473510742
2019-07-03,42.27703857421875,41.72675323486328,42.09677505493164,42.12523651123047,10297580.0,39.285648345947266
2019-07-05,42.07780075073242,41.53700256347656,42.03984832763672,41.669830322265625,18295227.0,38.86094665527344
2019-07-08,41.62239074707031,40.77798843383789,41.55597686767578,41.08159255981445,23955312.0,38.31235885620117
2019-07-09,41.55597686767578,41.08159255981445,41.1954460144043,41.148006439208984,14223308.0,38.37429428100586
2019-07-10,41.850093841552734,41.214420318603516,41.41366195678711,41.80265808105469,15298599.0,38.98481369018555
2019-07-11,41.32827377319336,40.2087287902832,41.10057067871094,40.77798843383789,38383518.0,38.02922058105469
2019-07-12,40.7874755859375,39.85768508911133,40.71157455444336,40.22770309448242,33580967.0,37.51602554321289
2019-07-15,40.5787467956543,40.07590103149414,40.10436248779297,40.55977249145508,20363912.0,37.825714111328125
2019-07-16,40.76850128173828,40.30360412597656,40.597721099853516,40.65464782714844,19553386.0,37.914188385009766
2019-07-17,40.977230072021484,40.54079818725586,40.882354736328125,40.55028533935547,16341532.0,37.81686782836914
2019-07-18,40.85388946533203,40.370018005371094,40.66413879394531,40.85388946533203,13728877.0,38.100006103515625
2019-07-19,40.9962043762207,40.5787467956543,40.977230072021484,40.5787467956543,23552579.0,37.84340286254883
2019-07-22,40.815940856933594,40.370018005371094,40.63567352294922,40.62618637084961,12552086.0,37.88764953613281
2019-07-23,41.01517868041992,40.55977249145508,40.65464782714844,40.882354736328125,19586904.0,38.12655258178711
2019-07-24,40.79696273803711,40.199241638183594,40.79696273803711,40.69260025024414,18117838.0,37.949588775634766
2019-07-25,40.79696273803711,40.351043701171875,40.63567352294922,40.48387145996094,17514634.0,37.75492477416992
2019-07-26,40.958255767822266,40.256168365478516,40.47438430786133,40.882354736328125,21062187.0,38.12655258178711
2019-07-29,40.79696273803711,39.22201156616211,40.00948715209961,39.326377868652344,64559186.0,36.67546081542969
2019-07-30,38.178367614746094,36.62239074707031,37.78937530517578,36.80265808105469,95739668.0,34.321861267089844
2019-07-31,37.637569427490234,36.53700256347656,36.62239074707031,36.850093841552734,56309423.0,34.3661003112793
2019-08-01,36.64136505126953,35.74952697753906,36.34724807739258,36.290321350097656,51624920.0,34.16068649291992
2019-08-02,36.56546401977539,35.815940856933594,36.290321350097656,36.053131103515625,29153640.0,33.93741989135742
2019-08-05,35.891841888427734,34.544593811035156,35.8254280090332,35.06641387939453,46030183.0,33.008602142333984
2019-08-06,35.39848327636719,34.60151672363281,35.284629821777344,35.05692672729492,31985843.0,32.99966812133789
2019-08-07,34.89563751220703,34.022769927978516,34.77229690551758,34.70588302612305,32017253.0,32.66923141479492
2019-08-08,35.05692672729492,34.724857330322266,34.819732666015625,34.98102569580078,23356429.0,32.928226470947266
2019-08-09,34.94307327270508,34.25996017456055,34.886146545410156,34.487667083740234,25391703.0,32.46381378173828
2019-08-12,34.45920181274414,32.99810028076172,34.44971466064453,33.57685089111328,44212665.0,31.60645294189453
2019-08-13,33.9753303527832,33.34914779663086,33.61479949951172,33.396583557128906,45549453.0,31.436765670776367
2019-08-14,33.1878547668457,32.447818756103516,33.14041519165039,32.48576736450195,38633421.0,30.579395294189453
2019-08-15,32.808349609375,32.2296028137207,32.542694091796875,32.713470458984375,30713665.0,30.793739318847656
2019-08-16,33.2163200378418,32.72296142578125,32.94117736816406,32.87476348876953,30012334.0,30.94556427001953
2019-08-19,33.51043701171875,33.04553985595703,33.092979431152344,33.37760925292969,21997296.0,31.418899536132812
2019-08-20,33.35863494873047,32.79886245727539,33.30170822143555,32.83681106567383,19932510.0,30.90983772277832
2019-08-21,33.320682525634766,33.03605270385742,33.149906158447266,33.083492279052734,19208728.0,31.14204216003418
2019-08-22,33.425048828125,33.0170783996582,33.168880462646484,33.28273010253906,16933142.0,31.329591751098633
2019-08-23,33.53889846801758,32.41935348510742,33.406070709228516,32.58064651489258,27765311.0,30.66870880126953
2019-08-26,33.074005126953125,32.713470458984375,32.84629821777344,33.05502700805664,17468680.0,31.115249633789062
2019-08-27,33.29222106933594,32.552181243896484,33.2163200378418,32.58064651489258,24715351.0,30.66870880126953
2019-08-28,33.34914779663086,32.523719787597656,32.5996208190918,33.28273010253906,26047924.0,31.329591751098633
2019-08-29,33.956356048583984,33.425048828125,33.956356048583984,33.51992416381836,19610302.0,31.552867889404297
2019-08-30,33.88994216918945,33.47248458862305,33.795066833496094,33.72865295410156,18873346.0,31.749347686767578
2019-09-03,34.4212532043457,33.69070053100586,33.785579681396484,34.26945114135742,26624989.0,32.2584114074707
2019-09-04,34.53510284423828,33.870967864990234,34.44022750854492,33.99430847167969,20649441.0,31.999414443969727
2019-09-05,34.61100769042969,34.051231384277344,34.25996017456055,34.47817611694336,22096794.0,32.45488739013672
2019-09-06,34.69639587402344,34.25996017456055,34.497154235839844,34.629981994628906,20873416.0,32.5977783203125
2019-09-09,34.95256042480469,34.27893829345703,34.715370178222656,34.94307327270508,24675616.0,32.89249801635742
2019-09-10,35.46489715576172,34.1745719909668,34.715370178222656,35.46489715576172,32250397.0,33.38370132446289
2019-09-11,35.8254280090332,35.00948715209961,35.806453704833984,35.49335861206055,16963181.0,33.410491943359375
2019-09-12,35.69260025024414,35.16128921508789,35.64516067504883,35.370018005371094,16692303.0,33.29439163208008
2019-09-13,35.673622131347656,34.734344482421875,35.47438430786133,35.01897430419922,24099605.0,32.963951110839844
2019-09-16,35.12334060668945,34.487667083740234,34.5920295715332,34.94307327270508,19877070.0,32.89249801635742
2019-09-17,34.91461181640625,34.487667083740234,34.90512466430664,34.629981994628906,22091945.0,32.5977783203125
2019-09-18,34.83871078491211,34.402278900146484,34.69639587402344,34.51612854003906,19679550.0,32.49060821533203
2019-09-19,34.886146545410156,34.47817611694336,34.554080963134766,34.639469146728516,17746409.0,32.60671615600586
2019-09-20,35.341556549072266,34.61100769042969,35.0,34.810245513916016,45990658.0,32.76746368408203
2019-09-23,34.715370178222656,34.37381362915039,34.51612854003906,34.38330078125,17295191.0,32.36558151245117
2019-09-24,34.70588302612305,34.13662338256836,34.411766052246094,34.16508483886719,24186560.0,32.1601676940918
2019-09-25,34.487667083740234,33.870967864990234,34.07020950317383,34.06072235107422,20269685.0,32.061927795410156
2019-09-26,34.38330078125,33.74762725830078,34.22201156616211,33.946868896484375,17059728.0,31.954755783081055
2019-09-27,34.47817611694336,33.88994216918945,34.022769927978516,34.36432647705078,17583671.0,32.34771728515625
2019-09-30,34.44971466064453,34.07969665527344,34.4212532043457,34.08918380737305,17205391.0,32.08871841430664
2019-10-01,34.1745719909668,33.61479949951172,34.08918380737305,33.61479949951172,22013001.0,31.64217185974121
2019-10-02,33.46299743652344,32.88425064086914,33.45351028442383,32.92219924926758,22458000.0,30.99022102355957
2019-10-03,33.65275192260742,32.82732391357422,32.93169021606445,33.6337776184082,22076135.0,31.660037994384766
2019-10-04,34.13662338256836,33.6337776184082,33.67172622680664,34.08918380737305,18065349.0,32.08871841430664
2019-10-07,34.402278900146484,33.965843200683594,33.98482131958008,33.99430847167969,11759373.0,31.999414443969727
2019-10-08,34.041744232177734,33.60531234741211,33.82352828979492,33.61479949951172,14761270.0,31.64217185974121
2019-10-09,34.051231384277344,33.709678649902344,33.82352828979492,33.861480712890625,13634333.0,31.87437629699707
2019-10-10,34.16508483886719,33.776092529296875,33.842506408691406,33.956356048583984,12198680.0,31.963687896728516
2019-10-11,34.70588302612305,34.22201156616211,34.28842544555664,34.25996017456055,18446054.0,32.249473571777344
2019-10-14,34.487667083740234,34.13662338256836,34.30739974975586,34.44022750854492,8700981.0,32.419166564941406
2019-10-15,34.85768508911133,34.544593811035156,34.582542419433594,34.629981994628906,15178232.0,32.5977783203125
2019-10-16,34.86717224121094,34.45920181274414,34.75332260131836,34.47817611694336,14435795.0,32.45488739013672
2019-10-17,34.92409896850586,34.50664138793945,34.6204948425293,34.5920295715332,15312090.0,32.56206130981445
2019-10-18,34.819732666015625,34.487667083740234,34.563568115234375,34.5920295715332,14219198.0,32.56206130981445
2019-10-21,34.800758361816406,34.497154235839844,34.77229690551758,34.5920295715332,13237081.0,32.56206130981445
2019-10-22,34.819732666015625,34.39278793334961,34.544593811035156,34.563568115234375,14549416.0,32.5352668762207
2019-10-23,34.89563751220703,34.36432647705078,34.44971466064453,34.886146545410156,14000598.0,32.83891296386719
2019-10-24,34.95256042480469,34.402278900146484,34.86717224121094,34.52561569213867,19998385.0,32.49953842163086
2019-10-25,34.99051284790039,34.44971466064453,34.53510284423828,34.886146545410156,17497665.0,32.83891296386719
2019-10-28,35.55977249145508,34.93358612060547,34.97153854370117,35.370018005371094,25800339.0,33.29439163208008
2019-10-29,36.774192810058594,35.977230072021484,36.053131103515625,36.25237274169922,32212032.0,34.12496566772461
2019-10-30,36.831119537353516,36.33776092529297,36.44212341308594,36.50853729248047,22019430.0,34.3661003112793
2019-10-31,36.603416442871094,36.223907470703125,36.42314910888672,36.4041748046875,24539860.0,34.26785659790039
2019-11-01,36.94497299194336,36.42314910888672,36.70777893066406,36.42314910888672,19263220.0,34.28572082519531
2019-11-04,36.755218505859375,36.08159255981445,36.72675323486328,36.08159255981445,17709730.0,33.964210510253906
2019-11-05,36.148006439208984,35.55028533935547,36.08159255981445,35.55977249145508,21688474.0,33.4730110168457
2019-11-06,35.79696273803711,35.436431884765625,35.68311309814453,35.68311309814453,18757722.0,33.589111328125
2019-11-07,35.65464782714844,34.99051284790039,35.48387145996094,35.01897430419922,22727297.0,33.28252410888672
2019-11-08,35.256168365478516,34.94307327270508,34.99051284790039,35.15180206298828,26626886.0,33.40876770019531
2019-11-11,35.113853454589844,34.86717224121094,35.01897430419922,35.0379524230957,12542916.0,33.300559997558594
2019-11-12,35.189754486083984,34.819732666015625,34.94307327270508,35.07590103149414,13338370.0,33.336631774902344
2019-11-13,35.05692672729492,34.44022750854492,35.05692672729492,34.724857330322266,25855252.0,33.00299072265625
2019-11-14,34.87665939331055,34.45920181274414,34.68690872192383,34.67741775512695,25190600.0,32.957908630371094
2019-11-15,35.55028533935547,34.648956298828125,34.75332260131836,35.370018005371094,36378810.0,33.61616516113281
2019-11-18,35.52182388305664,35.06641387939453,35.47438430786133,35.31309127807617,18084532.0,33.56205749511719
2019-11-19,35.74952697753906,35.4079704284668,35.512332916259766,35.73054885864258,26475110.0,33.95882034301758
2019-11-20,35.75901412963867,35.113853454589844,35.64516067504883,35.15180206298828,19947582.0,33.40876770019531
2019-11-21,35.9962043762207,35.14231491088867,35.30360412597656,35.806453704833984,20942664.0,34.03095626831055
2019-11-22,36.44212341308594,35.75901412963867,35.85388946533203,36.3662223815918,25544006.0,34.562965393066406
2019-11-25,36.88804626464844,36.48007583618164,36.50853729248047,36.69829177856445,31592385.0,34.87857437133789
2019-11-26,36.6129035949707,36.10057067871094,36.56546401977539,36.32827377319336,34620633.0,34.52690505981445
2019-11-27,36.72675323486328,36.3662223815918,36.41366195678711,36.65085220336914,19201034.0,34.8334846496582
2019-11-29,36.88804626464844,36.53700256347656,36.56546401977539,36.54648971557617,9793873.0,34.73429489135742
2019-12-02,36.8121452331543,36.290321350097656,36.80265808105469,36.32827377319336,15645998.0,34.52690505981445
2019-12-03,36.24288558959961,35.901329040527344,36.01517868041992,36.10057067871094,20869832.0,34.310489654541016
2019-12-04,36.299808502197266,35.948768615722656,36.27134704589844,36.18595886230469,14501248.0,34.39164352416992
2019-12-05,36.4041748046875,35.85388946533203,36.4041748046875,36.08159255981445,13098058.0,34.29245376586914
2019-12-06,36.54648971557617,36.26185989379883,36.31878662109375,36.32827377319336,12868708.0,34.52690505981445
2019-12-09,36.41366195678711,36.148006439208984,36.148006439208984,36.35673522949219,15641571.0,34.553955078125
2019-12-10,36.603416442871094,36.2333984375,36.30929946899414,36.50853729248047,19171311.0,34.69822692871094
2019-12-11,36.593929290771484,36.24288558959961,36.4041748046875,36.26185989379883,15569372.0,34.46377944946289
2019-12-12,36.64136505126953,36.214420318603516,36.214420318603516,36.56546401977539,13414469.0,34.7523307800293
2019-12-13,36.69829177856445,36.119544982910156,36.54648971557617,36.3662223815918,16678496.0,34.562965393066406
2019-12-16,37.381404876708984,36.679317474365234,36.71726989746094,37.13472366333008,24187824.0,35.29336166381836
2019-12-17,37.41935348510742,36.850093841552734,37.41935348510742,36.907020568847656,29038016.0,35.07695007324219
2019-12-18,37.07780075073242,36.660343170166016,37.01138687133789,36.89753341674805,27339390.0,35.067935943603516
2019-12-19,37.14421463012695,36.821632385253906,37.00189971923828,36.97343444824219,22022276.0,35.140071868896484
2019-12-20,37.51423263549805,36.97343444824219,37.33396530151367,37.220115661621094,58199772.0,35.37451934814453
2019-12-23,37.49525451660156,37.12523651123047,37.4003791809082,37.305503845214844,17454345.0,35.45567321777344
2019-12-24,37.41935348510742,37.191650390625,37.31499099731445,37.27703857421875,5187683.0,35.428619384765625
2019-12-26,37.542694091796875,37.191650390625,37.286529541015625,37.362430572509766,9384078.0,35.5097770690918
2019-12-27,37.59013366699219,37.23908996582031,37.40986633300781,37.305503845214844,10117662.0,35.45567321777344
2019-12-30,37.4003791809082,36.89753341674805,37.286529541015625,36.916507720947266,11554264.0,35.085968017578125
2019-12-31,37.191650390625,36.72675323486328,36.80265808105469,37.17267608642578,15175703.0,35.32943344116211
2020-01-02,37.33396530151367,36.88804626464844,37.286529541015625,37.13472366333008,16514072.0,35.29336166381836
2020-01-03,37.2296028137207,36.688804626464844,36.736244201660156,36.93548583984375,14922848.0,35.104000091552734
2020-01-06,37.00189971923828,36.71726989746094,36.831119537353516,36.88804626464844,15771951.0,35.05891799926758
2020-01-07,37.12523651123047,36.69829177856445,37.11574935913086,36.764705657958984,20108107.0,34.94169235229492
2020-01-08,37.21062469482422,36.764705657958984,36.774192810058594,37.05882263183594,16403507.0,35.22122573852539
2020-01-09,37.25806427001953,36.80265808105469,37.25806427001953,36.89753341674805,21971895.0,35.067935943603516
2020-01-10,37.5996208190918,36.97343444824219,36.9829216003418,37.466793060302734,21557357.0,35.60896682739258
2020-01-13,37.73244857788086,37.20113754272461,37.59013366699219,37.390892028808594,15392405.0,35.536827087402344
2020-01-14,38.02656555175781,37.286529541015625,37.40986633300781,38.0170783996582,20919160.0,36.131961822509766
2020-01-15,38.776092529296875,38.11195373535156,38.13093185424805,38.58633804321289,23925800.0,36.672996520996094
2020-01-16,38.709678649902344,38.254268646240234,38.700191497802734,38.52941131591797,16216422.0,36.61888885498047
2020-01-17,38.71916580200195,38.34914779663086,38.49146270751953,38.43453598022461,23083970.0,36.528724670410156
2020-01-21,38.57685089111328,38.13093185424805,38.311195373535156,38.27324676513672,23115696.0,36.37542724609375
2020-01-22,38.339656829833984,37.92219924926758,38.254268646240234,38.13093185424805,18097812.0,36.24017333984375
2020-01-23,38.73814010620117,38.074005126953125,38.13093185424805,38.62428665161133,27148510.0,36.70906448364258
2020-01-24,38.870967864990234,37.609107971191406,38.842506408691406,37.779884338378906,34143698.0,35.906532287597656
2020-01-27,38.35863494873047,37.23908996582031,37.390892028808594,38.10246658325195,31964026.0,36.21311569213867
2020-01-28,37.466793060302734,36.00569152832031,37.305503845214844,36.18595886230469,70202408.0,34.39164352416992
2020-01-29,36.41366195678711,35.62618637084961,36.16698455810547,35.65464782714844,34165726.0,33.88667678833008
2020-01-30,35.265655517578125,34.810245513916016,35.199241638183594,35.1707763671875,32316589.0,33.76825714111328
2020-01-31,35.531307220458984,35.00948715209961,35.04743957519531,35.332069396972656,33894005.0,33.923118591308594
2020-02-03,36.09108352661133,35.38899230957031,35.54079818725586,35.588233947753906,20875735.0,34.169063568115234
2020-02-04,36.28083419799805,35.70208740234375,36.129032135009766,35.75901412963867,31150865.0,34.33303451538086
2020-02-05,36.593929290771484,35.882354736328125,35.91081619262695,36.214420318603516,29443490.0,34.77028274536133
2020-02-06,36.52751541137695,36.08159255981445,36.47058868408203,36.299808502197266,21047748.0,34.85226821899414
2020-02-07,36.43263626098633,35.986717224121094,36.39468765258789,36.10057067871094,21903596.0,34.660972595214844
2020-02-10,36.26185989379883,35.7874755859375,36.25237274169922,35.87286376953125,19998385.0,34.44234085083008
2020-02-11,36.17647171020508,35.8254280090332,35.948768615722656,36.138519287109375,16027335.0,34.69740676879883
2020-02-12,36.2333984375,35.7874755859375,36.138519287109375,35.806453704833984,22944315.0,34.37858200073242
2020-02-13,35.65464782714844,35.0,35.65464782714844,35.0379524230957,22099745.0,33.64073181152344
2020-02-14,35.14231491088867,34.554080963134766,35.07590103149414,34.639469146728516,21006747.0,33.25813674926758
2020-02-18,34.7912712097168,34.411766052246094,34.67741775512695,34.45920181274414,17988513.0,33.08505630493164
2020-02-19,34.629981994628906,34.35483932495117,34.53510284423828,34.37381362915039,17750941.0,33.003074645996094
2020-02-20,34.2125244140625,33.5958251953125,33.880455017089844,34.013282775878906,42953135.0,32.656917572021484
2020-02-21,33.98482131958008,33.709678649902344,33.927894592285156,33.88994216918945,32425256.0,32.53849792480469
2020-02-24,33.58633804321289,32.82732391357422,33.244781494140625,32.89373779296875,37969296.0,31.582019805908203
2020-02-25,32.96015167236328,31.982921600341797,32.90322494506836,32.191650390625,41878898.0,30.907928466796875
2020-02-26,33.406070709228516,32.27703857421875,32.48576736450195,32.94117736816406,47920005.0,31.627567291259766
2020-02-27,33.880455017089844,32.35293960571289,32.67552185058594,32.35293960571289,55444827.0,31.062788009643555
2020-02-28,32.20113754272461,30.863378524780273,31.774194717407227,31.707780838012695,66071993.0,30.443357467651367
2020-03-02,33.159393310546875,31.736242294311523,32.17267608642578,33.092979431152344,42034469.0,31.773317337036133
2020-03-03,33.946868896484375,32.12523651123047,33.37760925292969,32.542694091796875,46174475.0,31.244972229003906
2020-03-04,34.5920295715332,33.159393310546875,33.30170822143555,34.53510284423828,38712155.0,33.15793228149414
2020-03-05,34.326377868652344,33.35863494873047,33.82352828979492,33.64326477050781,35096303.0,32.30165481567383
2020-03-06,33.36812210083008,32.371917724609375,32.92219924926758,33.225807189941406,40931036.0,31.90084457397461
2020-03-09,32.91271209716797,31.461101531982422,31.745731353759766,32.03036117553711,43183856.0,30.753070831298828
2020-03-10,32.88425064086914,31.31878662109375,32.79886245727539,32.81783676147461,40548329.0,31.509143829345703
2020-03-11,32.14421463012695,30.03795051574707,32.03036117553711,30.521821975708008,65350213.0,29.304689407348633
2020-03-12,30.360530853271484,28.462997436523438,28.918405532836914,28.48197364807129,62731445.0,27.3461856842041
2020-03-13,31.195446014404297,28.68121337890625,29.667932510375977,31.034156799316406,60553038.0,29.796594619750977
2020-03-16,30.62618637084961,28.130929946899414,28.40607261657715,28.63377571105957,50995050.0,27.491931915283203
2020-03-17,30.977230072021484,29.022769927978516,30.01897430419922,30.5123348236084,54220606.0,29.295581817626953
2020-03-18,30.939279556274414,28.757116317749023,29.19354820251465,30.70208740234375,43884976.0,29.477766036987305
2020-03-19,30.59772300720215,28.47248649597168,30.569259643554688,28.861480712890625,59820929.0,27.71055793762207
2020-03-20,29.09867286682129,27.428842544555664,28.728652954101562,27.523719787597656,52488989.0,26.426145553588867
2020-03-23,28.064516067504883,26.45161247253418,27.286527633666992,27.03036117553711,52853041.0,25.95245933532715
2020-03-24,28.510435104370117,27.419355392456055,27.99810218811035,28.178367614746094,44466784.0,27.054685592651367
2020-03-25,29.14611053466797,27.514230728149414,27.988615036010742,28.225805282592773,44601275.0,27.100231170654297
2020-03-26,30.351043701171875,28.349145889282227,28.35863494873047,30.123340606689453,43269967.0,28.922100067138672
2020-03-27,30.11385154724121,29.089183807373047,29.22201156616211,29.3168888092041,38290344.0,28.14780616760254
2020-03-30,31.166982650756836,29.459203720092773,29.459203720092773,30.996204376220703,29943508.0,29.760154724121094
2020-03-31,31.309297561645508,30.58823585510254,30.74003791809082,30.967742919921875,29466151.0,29.73282814025879
2020-04-01,30.62618637084961,29.91461181640625,30.284629821777344,30.123340606689453,26709625.0,28.922100067138672
2020-04-02,31.309297561645508,30.123340606689453,30.265655517578125,31.185958862304688,27186876.0,29.94234275817871
2020-04-03,32.15370178222656,30.958253860473633,30.958253860473633,31.9165096282959,32837370.0,30.643760681152344
2020-04-06,33.11195373535156,32.04933547973633,32.18216323852539,32.79886245727539,40503217.0,31.49092674255371
2020-04-07,33.36812210083008,31.869070053100586,33.20683288574219,31.888046264648438,24226295.0,30.616430282592773
2020-04-08,33.0170783996582,31.726755142211914,32.24857711791992,32.82732391357422,25523980.0,31.51825523376465
2020-04-09,33.937381744384766,33.06451416015625,33.235294342041016,33.57685089111328,30714930.0,32.23789596557617
2020-04-13,34.13662338256836,32.94117736816406,34.117645263671875,33.339656829833984,18270141.0,32.01015853881836
2020-04-14,34.75332260131836,33.52941131591797,34.08918380737305,34.573055267333984,21845309.0,33.19437026977539
2020-04-15,34.37381362915039,33.75711441040039,34.2125244140625,34.12713623046875,21312196.0,32.766231536865234
2020-04-16,34.402278900146484,33.75711441040039,34.26945114135742,34.041744232177734,20657451.0,32.68424606323242
2020-04-17,35.10436248779297,34.25996017456055,34.629981994628906,35.01897430419922,24404843.0,33.62250518798828
2020-04-20,35.01897430419922,34.23149871826172,34.51612854003906,34.23149871826172,22530620.0,32.86643600463867
2020-04-21,34.08918380737305,33.55787658691406,33.946868896484375,33.795066833496094,23975233.0,32.44740295410156
2020-04-22,35.10436248779297,34.26945114135742,35.06641387939453,34.39278793334961,20186103.0,33.02128982543945
2020-04-23,35.48387145996094,34.4212532043457,34.4212532043457,34.810245513916016,20185365.0,33.42210006713867
2020-04-24,35.512332916259766,34.89563751220703,34.95256042480469,35.46489715576172,17359380.0,34.0506477355957
2020-04-27,36.56546401977539,35.64516067504883,35.66413879394531,36.3662223815918,23394057.0,34.91603088378906
2020-04-28,37.21062469482422,35.46489715576172,37.04933547973633,35.967742919921875,35666728.0,34.533443450927734
2020-04-29,36.574951171875,35.77798843383789,36.48956298828125,36.16698455810547,26518535.0,34.72473907470703
2020-04-30,36.53700256347656,35.445919036865234,36.053131103515625,36.39468765258789,29450973.0,34.943359375
2020-05-01,35.9962043762207,35.47438430786133,35.91081619262695,35.71157455444336,22679867.0,34.2874870300293
2020-05-04,35.977230072021484,35.49335861206055,35.673622131347656,35.69260025024414,19893512.0,34.26927185058594
2020-05-05,36.86906814575195,36.30929946899414,36.821632385253906,36.53700256347656,24123952.0,35.08000183105469
2020-05-06,37.01138687133789,36.53700256347656,36.97343444824219,36.53700256347656,24047432.0,35.08000183105469
2020-05-07,36.518028259277344,35.0,36.44212341308594,35.06641387939453,33546080.0,34.00358581542969
2020-05-08,35.46489715576172,35.14231491088867,35.341556549072266,35.31309127807617,19901312.0,34.24279022216797
2020-05-11,36.25237274169922,35.256168365478516,35.341556549072266,36.148006439208984,25620421.0,35.052398681640625
2020-05-12,36.28083419799805,35.426944732666016,36.16698455810547,35.445919036865234,19335314.0,34.37158966064453
2020-05-13,35.502845764160156,34.715370178222656,35.39848327636719,35.15180206298828,24596882.0,34.086387634277344
2020-05-14,36.01517868041992,34.89563751220703,34.91461181640625,35.977230072021484,22362507.0,34.88679504394531
2020-05-15,36.214420318603516,35.47438430786133,36.01517868041992,35.8254280090332,25460002.0,34.739593505859375
2020-05-18,36.48956298828125,35.70208740234375,36.37571334838867,36.119544982910156,22639077.0,35.024803161621094
2020-05-19,36.072105407714844,35.39848327636719,35.91081619262695,35.74952697753906,19476234.0,34.66599655151367
2020-05-20,36.24288558959961,35.62618637084961,36.00569152832031,35.70208740234375,17504200.0,34.6199951171875
2020-05-21,35.72106170654297,35.15180206298828,35.64516067504883,35.351043701171875,17652181.0,34.27959060668945
2020-05-22,35.60721206665039,35.06641387939453,35.2087287902832,35.5787467956543,15781226.0,34.50039291381836
2020-05-26,35.92979049682617,35.531307220458984,35.72106170654297,35.56925964355469,23260094.0,34.49119186401367
2020-05-27,35.61669921875,35.07590103149414,35.49335861206055,35.49335861206055,25904158.0,34.4175910949707
2020-05-28,36.47058868408203,35.7874755859375,35.901329040527344,36.223907470703125,22521767.0,35.12599563598633
2020-05-29,36.46110153198242,35.65464782714844,36.30929946899414,36.2333984375,48638200.0,35.13520431518555
2020-06-01,33.89942932128906,33.12144088745117,33.68121337890625,33.64326477050781,76884979.0,32.62356948852539
2020-06-02,34.30739974975586,33.44402313232422,33.709678649902344,34.30739974975586,42690900.0,33.267578125
2020-06-03,34.544593811035156,33.71916580200195,34.43074035644531,34.30739974975586,38751996.0,33.267578125
2020-06-04,34.43074035644531,33.870967864990234,33.880455017089844,34.16508483886719,27013388.0,33.129573822021484
2020-06-05,34.6204948425293,34.041744232177734,34.38330078125,34.14611053466797,36705655.0,33.111175537109375
2020-06-08,34.724857330322266,33.851993560791016,33.965843200683594,34.715370178222656,30194149.0,33.663185119628906
2020-06-09,34.78178405761719,34.31688690185547,34.629981994628906,34.35483932495117,21675088.0,33.31357955932617
2020-06-10,34.582542419433594,34.051231384277344,34.497154235839844,34.07969665527344,29557217.0,33.046775817871094
2020-06-11,33.851993560791016,31.574953079223633,33.776092529296875,31.59392738342285,63166642.0,30.636348724365234
2020-06-12,32.35293960571289,31.356735229492188,32.33396530151367,32.0208740234375,37902472.0,31.05035400390625
2020-06-15,31.99241065979004,31.081594467163086,31.59392738342285,31.650854110717773,36247482.0,30.69154930114746
2020-06-16,32.220115661621094,31.043643951416016,31.869070053100586,31.688804626464844,55616945.0,30.728349685668945
2020-06-17,32.03984832763672,31.612903594970703,31.869070053100586,31.840606689453125,27509822.0,30.875551223754883
2020-06-18,31.755218505859375,31.29032325744629,31.565465927124023,31.537002563476562,32278855.0,30.581148147583008
2020-06-19,32.01138687133789,31.42314910888672,31.963947296142578,31.707780838012695,43986266.0,30.74675178527832
2020-06-22,31.650854110717773,31.223909378051758,31.622390747070312,31.41366195678711,23332503.0,30.461544036865234
2020-06-23,31.546489715576172,31.062618255615234,31.49905014038086,31.091081619262695,37690408.0,30.14874267578125
2020-06-24,31.053131103515625,30.360530853271484,31.034156799316406,30.540796279907227,30817695.0,29.615135192871094
2020-06-25,30.7210636138916,30.199241638183594,30.464895248413086,30.66413688659668,27418651.0,29.734737396240234
2020-06-26,30.62618637084961,29.99051284790039,30.59772300720215,30.398481369018555,42153992.0,29.477134704589844
2020-06-29,30.996204376220703,30.55028533935547,30.796964645385742,30.967742919921875,23956261.0,30.029142379760742
2020-06-30,31.195446014404297,30.57874870300293,30.863378524780273,31.024667739868164,25451676.0,30.084341049194336
2020-07-01,32.7703971862793,31.99241065979004,32.7703971862793,32.01138687133789,73503009.0,31.041152954101562
2020-07-02,33.06451416015625,32.296016693115234,32.84629821777344,32.74193572998047,45270881.0,31.749561309814453
2020-07-06,33.19734191894531,32.618595123291016,33.159393310546875,32.74193572998047,27150935.0,31.749561309814453
2020-07-07,32.59013366699219,32.220115661621094,32.305503845214844,32.286529541015625,25148018.0,31.307958602905273
2020-07-08,32.609107971191406,31.850095748901367,32.26755142211914,32.0208740234375,24256545.0,31.05035400390625
2020-07-09,32.14421463012695,31.4041748046875,32.00189971923828,31.745731353759766,20363702.0,30.783550262451172
2020-07-10,32.296016693115234,31.774194717407227,31.935483932495117,32.09677505493164,24459019.0,31.12395477294922
2020-07-13,33.88994216918945,32.75142288208008,32.95066452026367,33.406070709228516,56569129.0,32.3935661315918
2020-07-14,33.60531234741211,33.092979431152344,33.55787658691406,33.425048828125,32854129.0,32.41197204589844
2020-07-15,34.15559768676758,33.65275192260742,34.14611053466797,33.88994216918945,26294454.0,32.86277389526367
2020-07-16,33.81404113769531,33.45351028442383,33.776092529296875,33.776092529296875,18421812.0,32.75237274169922
2020-07-17,34.468692779541016,33.89942932128906,34.022769927978516,34.39278793334961,23347365.0,33.35037612915039
2020-07-20,35.69260025024414,34.45920181274414,35.56925964355469,34.629981994628906,36815693.0,33.580379486083984
2020-07-21,35.180267333984375,34.648956298828125,35.04743957519531,34.810245513916016,23646912.0,33.75518035888672
2020-07-22,36.745731353759766,35.597721099853516,36.27134704589844,36.58443832397461,90705554.0,35.47560119628906
2020-07-23,37.4003791809082,36.223907470703125,37.220115661621094,36.44212341308594,59639536.0,35.33760070800781
2020-07-24,36.1954460144043,35.417457580566406,36.08159255981445,35.73054885864258,33870501.0,34.6475944519043
2020-07-27,35.815940856933594,35.32258224487305,35.445919036865234,35.61669921875,27640307.0,34.537193298339844
2020-07-28,37.32447814941406,36.11005783081055,36.56546401977539,37.0208740234375,56393954.0,35.898807525634766
2020-07-29,37.4288444519043,36.48007583618164,37.286529541015625,37.24857711791992,37033660.0,36.11961364746094
2020-07-30,36.94497299194336,36.24288558959961,36.31878662109375,36.755218505859375,32273796.0,35.98955154418945
2020-07-31,36.764705657958984,35.92030334472656,36.31878662109375,36.50853729248047,28503006.0,35.748008728027344
2020-08-03,36.679317474365234,36.26185989379883,36.63187789916992,36.38520050048828,31036400.0,35.62724304199219
2020-08-04,36.69829177856445,36.138519287109375,36.34724807739258,36.42314910888672,29448549.0,35.664398193359375
2020-08-05,36.55597686767578,36.17647171020508,36.49905014038086,36.48007583618164,24604787.0,35.72013854980469
2020-08-06,37.09677505493164,36.1954460144043,36.7836799621582,36.30929946899414,20922111.0,35.552921295166016
2020-08-07,36.64136505126953,36.204933166503906,36.33776092529297,36.48007583618164,23097251.0,35.72013854980469
2020-08-10,36.679317474365234,36.299808502197266,36.574951171875,36.42314910888672,19964552.0,35.664398193359375
2020-08-11,36.603416442871094,35.74003982543945,36.58443832397461,35.85388946533203,21326847.0,35.10699462890625
2020-08-12,36.574951171875,35.87286376953125,35.891841888427734,36.3662223815918,19965817.0,35.60865783691406
2020-08-13,36.223907470703125,35.93927764892578,36.119544982910156,36.214420318603516,15340021.0,35.460018157958984
2020-08-14,36.42314910888672,35.986717224121094,36.062618255615234,36.11005783081055,12901276.0,35.35783004760742
2020-08-17,36.44212341308594,36.00569152832031,36.09108352661133,36.38520050048828,17494187.0,35.62724304199219
2020-08-18,36.48956298828125,36.214420318603516,36.48007583618164,36.39468765258789,10846398.0,35.63652801513672
2020-08-19,36.63187789916992,36.16698455810547,36.50853729248047,36.299808502197266,15690055.0,35.54362869262695
2020-08-20,36.80265808105469,36.17647171020508,36.223907470703125,36.736244201660156,21957455.0,35.97097396850586
2020-08-21,37.00189971923828,36.593929290771484,36.916507720947266,36.88804626464844,25467170.0,36.11961364746094
2020-08-24,37.03984832763672,36.56546401977539,37.0208740234375,36.850093841552734,25011947.0,36.08245086669922
2020-08-25,36.58443832397461,36.00569152832031,36.53700256347656,36.44212341308594,26221201.0,35.682979583740234
2020-08-26,36.30929946899414,35.73054885864258,36.2333984375,36.10057067871094,24083689.0,35.348541259765625
2020-08-27,36.053131103515625,35.74952697753906,36.01517868041992,35.92030334472656,22156556.0,35.172027587890625
2020-08-28,36.11005783081055,35.48387145996094,35.92979049682617,35.967742919921875,32830519.0,35.218482971191406
2020-08-31,36.072105407714844,35.5787467956543,35.901329040527344,35.85388946533203,30032465.0,35.10699462890625
2020-09-01,35.882354736328125,34.639469146728516,35.85388946533203,34.99051284790039,36161475.0,34.26160430908203
2020-09-02,35.38899230957031,34.53510284423828,34.886146545410156,35.29411697387695,29068688.0,34.55888748168945
2020-09-03,35.56925964355469,34.25047302246094,35.455406188964844,34.53510284423828,35956788.0,33.8156852722168
2020-09-04,34.75332260131836,34.032257080078125,34.6204948425293,34.497154235839844,26872257.0,33.778526306152344
2020-09-08,34.734344482421875,33.851993560791016,34.658443450927734,34.08918380737305,26736818.0,33.37905502319336
2020-09-09,34.77229690551758,34.28842544555664,34.43074035644531,34.326377868652344,27490533.0,33.61130905151367
2020-09-10,34.45920181274414,33.75711441040039,34.34535217285156,33.82352828979492,21650741.0,33.11893081665039
2020-09-11,34.25996017456055,33.6337776184082,33.90891647338867,34.22201156616211,24109301.0,33.50911331176758
2020-09-14,35.61669921875,34.4212532043457,34.497154235839844,35.113853454589844,29565543.0,34.38237762451172
2020-09-15,35.436431884765625,34.92409896850586,35.284629821777344,35.06641387939453,22003726.0,34.3359260559082
2020-09-16,35.39848327636719,34.83871078491211,35.370018005371094,34.89563751220703,22208412.0,34.16870880126953
2020-09-17,35.07590103149414,34.67741775512695,34.89563751220703,34.93358612060547,17894390.0,34.20586395263672
2020-09-18,35.1707763671875,34.69639587402344,34.89563751220703,34.75332260131836,31694623.0,34.02935791015625
2020-09-21,34.61100769042969,33.56736373901367,34.50664138793945,34.1745719909668,26608968.0,33.46266555786133
2020-09-22,34.468692779541016,33.90891647338867,33.9753303527832,34.39278793334961,22727297.0,33.67633056640625
2020-09-23,34.51612854003906,34.12713623046875,34.47817611694336,34.15559768676758,23102521.0,33.44408416748047
2020-09-24,34.193546295166016,33.71916580200195,34.108158111572266,33.927894592285156,20859925.0,33.221126556396484
2020-09-25,34.29791259765625,33.700191497802734,33.71916580200195,34.20303726196289,14365598.0,33.490535736083984
2020-09-28,34.70588302612305,34.30739974975586,34.30739974975586,34.52561569213867,15044269.0,33.806392669677734
2020-09-29,34.667930603027344,34.184059143066406,34.563568115234375,34.31688690185547,13512491.0,33.602012634277344
2020-09-30,35.06641387939453,34.39278793334961,34.411766052246094,34.819732666015625,22629275.0,34.094383239746094
2020-10-01,35.189754486083984,34.30739974975586,35.01897430419922,34.50664138793945,22520396.0,33.78781509399414
2020-10-02,34.78178405761719,34.184059143066406,34.2125244140625,34.51612854003906,21461759.0,33.79710388183594
2020-10-05,34.99051284790039,34.47817611694336,34.658443450927734,34.86717224121094,19400029.0,34.14083480834961
2020-10-06,35.13282775878906,34.24098587036133,35.10436248779297,34.31688690185547,25233392.0,33.602012634277344
2020-10-07,34.715370178222656,34.184059143066406,34.402278900146484,34.60151672363281,22160034.0,33.880714416503906
2020-10-08,35.275142669677734,34.639469146728516,34.724857330322266,35.0,17857395.0,34.270896911621094
2020-10-09,35.21821594238281,34.715370178222656,34.94307327270508,34.90512466430664,23667465.0,34.17799758911133
2020-10-12,35.275142669677734,34.60151672363281,34.819732666015625,34.93358612060547,19413837.0,34.20586395263672
2020-10-13,35.22770309448242,34.75332260131836,34.7912712097168,35.00948715209961,21543233.0,34.28018569946289
2020-10-14,35.38899230957031,34.69639587402344,35.113853454589844,34.97153854370117,22124619.0,34.24302673339844
2020-10-15,34.85768508911133,34.544593811035156,34.75332260131836,34.67741775512695,16089205.0,33.95503616333008
2020-10-16,36.16698455810547,35.12334060668945,35.1707763671875,36.00569152832031,42993503.0,35.255638122558594
2020-10-19,36.85958480834961,35.71157455444336,36.45161437988281,35.86337661743164,31931352.0,35.11628723144531
2020-10-20,35.948768615722656,35.436431884765625,35.92979049682617,35.56925964355469,22384852.0,34.82829666137695
2020-10-21,35.531307220458984,35.16128921508789,35.436431884765625,35.180267333984375,18984859.0,34.44740676879883
2020-10-22,35.64516067504883,35.13282775878906,35.180267333984375,35.512332916259766,19243616.0,34.77255630493164
2020-10-23,36.31878662109375,35.72106170654297,35.986717224121094,36.223907470703125,30557884.0,35.46930694580078
2020-10-26,36.072105407714844,35.55977249145508,35.92979049682617,35.977230072021484,33783124.0,35.22776794433594
2020-10-27,36.16698455810547,34.98102569580078,35.14231491088867,35.512332916259766,36851529.0,34.77255630493164
2020-10-28,35.22770309448242,33.51043701171875,34.91461181640625,33.6337776184082,33857537.0,32.933135986328125
2020-10-29,33.81404113769531,32.82732391357422,33.66223907470703,33.47248458862305,27545341.0,32.77519989013672
2020-10-30,33.709678649902344,33.05502700805664,33.43453598022461,33.66223907470703,25631067.0,32.961002349853516
2020-11-02,34.39278793334961,33.71916580200195,34.08918380737305,34.37381362915039,21430666.0,33.657752990722656
2020-11-03,34.743831634521484,34.23149871826172,34.563568115234375,34.33586120605469,21636617.0,33.62059020996094
2020-11-04,36.16698455810547,35.06641387939453,35.16128921508789,35.417457580566406,40870536.0,34.679656982421875
2020-11-05,35.38899230957031,34.52561569213867,35.341556549072266,34.52561569213867,33926995.0,34.1540641784668
2020-11-06,34.83871078491211,34.24098587036133,34.52561569213867,34.53510284423828,23870676.0,34.163448333740234
2020-11-09,39.83871078491211,36.41366195678711,39.715370178222656,37.191650390625,230153864.0,36.79140853881836
2020-11-10,38.46299743652344,36.48956298828125,38.37760925292969,36.69829177856445,80091668.0,36.30335998535156
2020-11-11,38.14041519165039,35.958255767822266,36.88804626464844,36.52751541137695,58980997.0,36.13441848754883
2020-11-12,36.37571334838867,35.332069396972656,36.31878662109375,35.62618637084961,46767877.0,35.24279022216797
2020-11-13,36.679317474365234,35.77798843383789,35.92979049682617,36.64136505126953,40175634.0,36.24704360961914
2020-11-16,36.00569152832031,34.9620475769043,35.92030334472656,35.417457580566406,75530167.0,35.03630828857422
2020-11-17,36.5,35.81999969482422,36.4900016784668,36.040000915527344,46984500.0,35.65215301513672
2020-11-18,37.41999816894531,36.29999923706055,36.93000030517578,36.31999969482422,63442700.0,35.92913818359375
2020-11-19,36.630001068115234,35.86000061035156,36.599998474121094,36.189998626708984,43261800.0,35.800537109375
2020-11-20,37.310001373291016,36.439998626708984,36.70000076293945,36.70000076293945,60633800.0,36.305049896240234
2020-11-23,37.09000015258789,36.209999084472656,37.029998779296875,36.52000045776367,43673100.0,36.12698745727539
2020-11-24,36.7400016784668,36.02000045776367,36.130001068115234,36.599998474121094,42485300.0,36.20612335205078
2020-11-25,36.560001373291016,36.2400016784668,36.529998779296875,36.529998779296875,26955800.0,36.13687515258789
2020-11-27,37.2599983215332,36.75,36.779998779296875,37.22999954223633,25277000.0,36.829345703125
2020-11-30,38.79999923706055,37.599998474121094,37.95000076293945,38.310001373291016,65425900.0,37.89772415161133
2020-12-01,40.5,39.0099983215332,39.400001525878906,39.40999984741211,72660800.0,38.98588562011719
2020-12-02,41.40999984741211,40.29999923706055,40.470001220703125,40.79999923706055,84347500.0,40.360923767089844
2020-12-03,41.029998779296875,39.52000045776367,40.97999954223633,40.09000015258789,68570100.0,39.658565521240234
2020-12-04,40.45000076293945,39.88999938964844,39.88999938964844,40.34000015258789,35368100.0,39.90587615966797
2020-12-07,41.400001525878906,40.369998931884766,40.65999984741211,41.25,48253700.0,40.80608367919922
2020-12-08,42.77000045776367,41.349998474121094,41.400001525878906,42.560001373291016,87039300.0,42.101985931396484
2020-12-09,43.08000183105469,41.130001068115234,43.06999969482422,41.849998474121094,86118500.0,41.39962387084961
2020-12-10,42.220001220703125,41.45000076293945,41.81999969482422,41.72999954223633,57749200.0,41.28091812133789
2020-12-11,42.06999969482422,40.689998626708984,41.970001220703125,41.119998931884766,60737000.0,40.67748260498047
2020-12-14,41.65999984741211,39.06999969482422,41.619998931884766,39.209999084472656,94809700.0,38.78803634643555
2020-12-15,39.18000030517578,38.209999084472656,39.060001373291016,38.709999084472656,66003300.0,38.29341506958008
2020-12-16,38.470001220703125,37.7400016784668,38.18000030517578,37.84000015258789,56515300.0,37.43278121948242
2020-12-17,38.119998931884766,37.310001373291016,37.83000183105469,38.029998779296875,52036400.0,37.62073516845703
2020-12-18,38.09000015258789,37.5,37.9900016784668,37.68000030517578,60259200.0,37.27450180053711
2020-12-21,37.400001525878906,36.90999984741211,37.279998779296875,37.380001068115234,40891800.0,36.97773361206055
2020-12-22,37.33000183105469,36.599998474121094,37.209999084472656,36.7400016784668,33634400.0,36.34461975097656
2020-12-23,37.650001525878906,36.880001068115234,37.0099983215332,37.439998626708984,36182000.0,37.03708267211914
2020-12-24,37.56999969482422,37.18000030517578,37.400001525878906,37.27000045776367,14790100.0,36.86891555786133
2020-12-28,37.58000183105469,36.68000030517578,37.36000061035156,36.81999969482422,26993700.0,36.42375564575195
2020-12-29,37.20000076293945,36.790000915527344,36.900001525878906,37.04999923706055,23152100.0,36.65127944946289
2020-12-30,37.2400016784668,36.70000076293945,37.029998779296875,36.7400016784668,24889800.0,36.34461975097656
2020-12-31,36.91999816894531,36.290000915527344,36.65999984741211,36.810001373291016,30755600.0,36.41386795043945
2021-01-04,36.939998626708984,36.27000045776367,36.869998931884766,36.810001373291016,33565700.0,36.41386795043945
2021-01-05,37.369998931884766,36.599998474121094,36.720001220703125,37.189998626708984,29909400.0,36.78977584838867
2021-01-06,37.47999954223633,36.77000045776367,36.83000183105469,36.869998931884766,34962500.0,36.47321701049805
2021-01-07,37.150001525878906,36.66999816894531,37.040000915527344,37.060001373291016,27809500.0,36.66117477416992
2021-01-08,37.529998779296875,36.900001525878906,37.15999984741211,37.130001068115234,33398600.0,36.73042297363281
2021-01-11,37.83000183105469,37.150001525878906,37.220001220703125,37.77000045776367,47326600.0,37.36353302001953
2021-01-12,37.790000915527344,36.81999969482422,37.70000076293945,37.18000030517578,47831100.0,36.779884338378906
2021-01-13,37.16999816894531,36.63999938964844,37.0,36.86000061035156,31027900.0,36.46332550048828
2021-01-14,36.959999084472656,36.61000061035156,36.779998779296875,36.75,30272000.0,36.35451126098633
2021-01-15,36.779998779296875,36.400001525878906,36.68000030517578,36.70000076293945,33948500.0,36.305049896240234
2021-01-19,37.0,36.619998931884766,36.7599983215332,36.72999954223633,33451300.0,36.33472442626953
2021-01-20,36.810001373291016,36.459999084472656,36.790000915527344,36.5,35400100.0,36.107200622558594
2021-01-21,36.59000015258789,36.150001525878906,36.38999938964844,36.47999954223633,33864100.0,36.08741760253906
2021-01-22,36.83000183105469,36.25,36.31999969482422,36.54999923706055,26243600.0,36.15666198730469
2021-01-25,37.290000915527344,36.31999969482422,36.54999923706055,37.279998779296875,31728500.0,36.878807067871094
2021-01-26,37.599998474121094,37.15999984741211,37.27000045776367,37.310001373291016,27718700.0,36.908485412597656
2021-01-27,37.040000915527344,36.16999816894531,36.9900016784668,36.2400016784668,50561200.0,35.85000228881836
2021-01-28,36.33000183105469,35.84000015258789,35.95000076293945,35.86000061035156,39466700.0,35.86000061035156
2021-01-29,36.880001068115234,35.619998931884766,36.880001068115234,35.900001525878906,60026600.0,35.900001525878906
2021-02-01,36.189998626708984,35.720001220703125,35.93000030517578,35.79999923706055,40395800.0,35.79999923706055
2021-02-02,35.779998779296875,34.27000045776367,35.7599983215332,34.9900016784668,84062400.0,34.9900016784668
2021-02-03,35.290000915527344,34.779998779296875,34.9900016784668,34.84000015258789,38524200.0,34.84000015258789
2021-02-04,35.08000183105469,34.70000076293945,34.810001373291016,34.88999938964844,34284900.0,34.88999938964844
2021-02-05,35.08000183105469,34.779998779296875,34.91999816894531,34.91999816894531,31645100.0,34.91999816894531
2021-02-08,35.0099983215332,34.7400016784668,34.959999084472656,34.81999969482422,31633900.0,34.81999969482422
2021-02-09,35.060001373291016,34.7599983215332,34.79999923706055,34.970001220703125,30170200.0,34.970001220703125
2021-02-10,35.08000183105469,34.70000076293945,35.0,34.7400016784668,29039900.0,34.7400016784668
2021-02-11,34.810001373291016,34.279998779296875,34.79999923706055,34.43000030517578,30845500.0,34.43000030517578
2021-02-12,34.95000076293945,34.36000061035156,34.439998626708984,34.720001220703125,25513100.0,34.720001220703125
